769 1281
256 256 1
                                                                                                                                                                                     
2 1 0 256 512 XOR
1 1 512 513 INV
2 1 1 257 514 XOR
1 1 514 515 INV
2 1 513 515 516 AND
2 1 2 258 517 XOR
1 1 517 518 INV
2 1 516 518 519 AND
2 1 3 259 520 XOR
1 1 520 521 INV
2 1 519 521 522 AND
2 1 4 260 523 XOR
1 1 523 524 INV
2 1 522 524 525 AND
2 1 5 261 526 XOR
1 1 526 527 INV
2 1 525 527 528 AND
2 1 6 262 529 XOR
1 1 529 530 INV
2 1 528 530 531 AND
2 1 7 263 532 XOR
1 1 532 533 INV
2 1 531 533 534 AND
2 1 8 264 535 XOR
1 1 535 536 INV
2 1 534 536 537 AND
2 1 9 265 538 XOR
1 1 538 539 INV
2 1 537 539 540 AND
2 1 10 266 541 XOR
1 1 541 542 INV
2 1 540 542 543 AND
2 1 11 267 544 XOR
1 1 544 545 INV
2 1 543 545 546 AND
2 1 12 268 547 XOR
1 1 547 548 INV
2 1 546 548 549 AND
2 1 13 269 550 XOR
1 1 550 551 INV
2 1 549 551 552 AND
2 1 14 270 553 XOR
1 1 553 554 INV
2 1 552 554 555 AND
2 1 15 271 556 XOR
1 1 556 557 INV
2 1 555 557 558 AND
2 1 16 272 559 XOR
1 1 559 560 INV
2 1 558 560 561 AND
2 1 17 273 562 XOR
1 1 562 563 INV
2 1 561 563 564 AND
2 1 18 274 565 XOR
1 1 565 566 INV
2 1 564 566 567 AND
2 1 19 275 568 XOR
1 1 568 569 INV
2 1 567 569 570 AND
2 1 20 276 571 XOR
1 1 571 572 INV
2 1 570 572 573 AND
2 1 21 277 574 XOR
1 1 574 575 INV
2 1 573 575 576 AND
2 1 22 278 577 XOR
1 1 577 578 INV
2 1 576 578 579 AND
2 1 23 279 580 XOR
1 1 580 581 INV
2 1 579 581 582 AND
2 1 24 280 583 XOR
1 1 583 584 INV
2 1 582 584 585 AND
2 1 25 281 586 XOR
1 1 586 587 INV
2 1 585 587 588 AND
2 1 26 282 589 XOR
1 1 589 590 INV
2 1 588 590 591 AND
2 1 27 283 592 XOR
1 1 592 593 INV
2 1 591 593 594 AND
2 1 28 284 595 XOR
1 1 595 596 INV
2 1 594 596 597 AND
2 1 29 285 598 XOR
1 1 598 599 INV
2 1 597 599 600 AND
2 1 30 286 601 XOR
1 1 601 602 INV
2 1 600 602 603 AND
2 1 31 287 604 XOR
1 1 604 605 INV
2 1 603 605 606 AND
2 1 32 288 607 XOR
1 1 607 608 INV
2 1 606 608 609 AND
2 1 33 289 610 XOR
1 1 610 611 INV
2 1 609 611 612 AND
2 1 34 290 613 XOR
1 1 613 614 INV
2 1 612 614 615 AND
2 1 35 291 616 XOR
1 1 616 617 INV
2 1 615 617 618 AND
2 1 36 292 619 XOR
1 1 619 620 INV
2 1 618 620 621 AND
2 1 37 293 622 XOR
1 1 622 623 INV
2 1 621 623 624 AND
2 1 38 294 625 XOR
1 1 625 626 INV
2 1 624 626 627 AND
2 1 39 295 628 XOR
1 1 628 629 INV
2 1 627 629 630 AND
2 1 40 296 631 XOR
1 1 631 632 INV
2 1 630 632 633 AND
2 1 41 297 634 XOR
1 1 634 635 INV
2 1 633 635 636 AND
2 1 42 298 637 XOR
1 1 637 638 INV
2 1 636 638 639 AND
2 1 43 299 640 XOR
1 1 640 641 INV
2 1 639 641 642 AND
2 1 44 300 643 XOR
1 1 643 644 INV
2 1 642 644 645 AND
2 1 45 301 646 XOR
1 1 646 647 INV
2 1 645 647 648 AND
2 1 46 302 649 XOR
1 1 649 650 INV
2 1 648 650 651 AND
2 1 47 303 652 XOR
1 1 652 653 INV
2 1 651 653 654 AND
2 1 48 304 655 XOR
1 1 655 656 INV
2 1 654 656 657 AND
2 1 49 305 658 XOR
1 1 658 659 INV
2 1 657 659 660 AND
2 1 50 306 661 XOR
1 1 661 662 INV
2 1 660 662 663 AND
2 1 51 307 664 XOR
1 1 664 665 INV
2 1 663 665 666 AND
2 1 52 308 667 XOR
1 1 667 668 INV
2 1 666 668 669 AND
2 1 53 309 670 XOR
1 1 670 671 INV
2 1 669 671 672 AND
2 1 54 310 673 XOR
1 1 673 674 INV
2 1 672 674 675 AND
2 1 55 311 676 XOR
1 1 676 677 INV
2 1 675 677 678 AND
2 1 56 312 679 XOR
1 1 679 680 INV
2 1 678 680 681 AND
2 1 57 313 682 XOR
1 1 682 683 INV
2 1 681 683 684 AND
2 1 58 314 685 XOR
1 1 685 686 INV
2 1 684 686 687 AND
2 1 59 315 688 XOR
1 1 688 689 INV
2 1 687 689 690 AND
2 1 60 316 691 XOR
1 1 691 692 INV
2 1 690 692 693 AND
2 1 61 317 694 XOR
1 1 694 695 INV
2 1 693 695 696 AND
2 1 62 318 697 XOR
1 1 697 698 INV
2 1 696 698 699 AND
2 1 63 319 700 XOR
1 1 700 701 INV
2 1 699 701 702 AND
2 1 64 320 703 XOR
1 1 703 704 INV
2 1 702 704 705 AND
2 1 65 321 706 XOR
1 1 706 707 INV
2 1 705 707 708 AND
2 1 66 322 709 XOR
1 1 709 710 INV
2 1 708 710 711 AND
2 1 67 323 712 XOR
1 1 712 713 INV
2 1 711 713 714 AND
2 1 68 324 715 XOR
1 1 715 716 INV
2 1 714 716 717 AND
2 1 69 325 718 XOR
1 1 718 719 INV
2 1 717 719 720 AND
2 1 70 326 721 XOR
1 1 721 722 INV
2 1 720 722 723 AND
2 1 71 327 724 XOR
1 1 724 725 INV
2 1 723 725 726 AND
2 1 72 328 727 XOR
1 1 727 728 INV
2 1 726 728 729 AND
2 1 73 329 730 XOR
1 1 730 731 INV
2 1 729 731 732 AND
2 1 74 330 733 XOR
1 1 733 734 INV
2 1 732 734 735 AND
2 1 75 331 736 XOR
1 1 736 737 INV
2 1 735 737 738 AND
2 1 76 332 739 XOR
1 1 739 740 INV
2 1 738 740 741 AND
2 1 77 333 742 XOR
1 1 742 743 INV
2 1 741 743 744 AND
2 1 78 334 745 XOR
1 1 745 746 INV
2 1 744 746 747 AND
2 1 79 335 748 XOR
1 1 748 749 INV
2 1 747 749 750 AND
2 1 80 336 751 XOR
1 1 751 752 INV
2 1 750 752 753 AND
2 1 81 337 754 XOR
1 1 754 755 INV
2 1 753 755 756 AND
2 1 82 338 757 XOR
1 1 757 758 INV
2 1 756 758 759 AND
2 1 83 339 760 XOR
1 1 760 761 INV
2 1 759 761 762 AND
2 1 84 340 763 XOR
1 1 763 764 INV
2 1 762 764 765 AND
2 1 85 341 766 XOR
1 1 766 767 INV
2 1 765 767 768 AND
2 1 86 342 769 XOR
1 1 769 770 INV
2 1 768 770 771 AND
2 1 87 343 772 XOR
1 1 772 773 INV
2 1 771 773 774 AND
2 1 88 344 775 XOR
1 1 775 776 INV
2 1 774 776 777 AND
2 1 89 345 778 XOR
1 1 778 779 INV
2 1 777 779 780 AND
2 1 90 346 781 XOR
1 1 781 782 INV
2 1 780 782 783 AND
2 1 91 347 784 XOR
1 1 784 785 INV
2 1 783 785 786 AND
2 1 92 348 787 XOR
1 1 787 788 INV
2 1 786 788 789 AND
2 1 93 349 790 XOR
1 1 790 791 INV
2 1 789 791 792 AND
2 1 94 350 793 XOR
1 1 793 794 INV
2 1 792 794 795 AND
2 1 95 351 796 XOR
1 1 796 797 INV
2 1 795 797 798 AND
2 1 96 352 799 XOR
1 1 799 800 INV
2 1 798 800 801 AND
2 1 97 353 802 XOR
1 1 802 803 INV
2 1 801 803 804 AND
2 1 98 354 805 XOR
1 1 805 806 INV
2 1 804 806 807 AND
2 1 99 355 808 XOR
1 1 808 809 INV
2 1 807 809 810 AND
2 1 100 356 811 XOR
1 1 811 812 INV
2 1 810 812 813 AND
2 1 101 357 814 XOR
1 1 814 815 INV
2 1 813 815 816 AND
2 1 102 358 817 XOR
1 1 817 818 INV
2 1 816 818 819 AND
2 1 103 359 820 XOR
1 1 820 821 INV
2 1 819 821 822 AND
2 1 104 360 823 XOR
1 1 823 824 INV
2 1 822 824 825 AND
2 1 105 361 826 XOR
1 1 826 827 INV
2 1 825 827 828 AND
2 1 106 362 829 XOR
1 1 829 830 INV
2 1 828 830 831 AND
2 1 107 363 832 XOR
1 1 832 833 INV
2 1 831 833 834 AND
2 1 108 364 835 XOR
1 1 835 836 INV
2 1 834 836 837 AND
2 1 109 365 838 XOR
1 1 838 839 INV
2 1 837 839 840 AND
2 1 110 366 841 XOR
1 1 841 842 INV
2 1 840 842 843 AND
2 1 111 367 844 XOR
1 1 844 845 INV
2 1 843 845 846 AND
2 1 112 368 847 XOR
1 1 847 848 INV
2 1 846 848 849 AND
2 1 113 369 850 XOR
1 1 850 851 INV
2 1 849 851 852 AND
2 1 114 370 853 XOR
1 1 853 854 INV
2 1 852 854 855 AND
2 1 115 371 856 XOR
1 1 856 857 INV
2 1 855 857 858 AND
2 1 116 372 859 XOR
1 1 859 860 INV
2 1 858 860 861 AND
2 1 117 373 862 XOR
1 1 862 863 INV
2 1 861 863 864 AND
2 1 118 374 865 XOR
1 1 865 866 INV
2 1 864 866 867 AND
2 1 119 375 868 XOR
1 1 868 869 INV
2 1 867 869 870 AND
2 1 120 376 871 XOR
1 1 871 872 INV
2 1 870 872 873 AND
2 1 121 377 874 XOR
1 1 874 875 INV
2 1 873 875 876 AND
2 1 122 378 877 XOR
1 1 877 878 INV
2 1 876 878 879 AND
2 1 123 379 880 XOR
1 1 880 881 INV
2 1 879 881 882 AND
2 1 124 380 883 XOR
1 1 883 884 INV
2 1 882 884 885 AND
2 1 125 381 886 XOR
1 1 886 887 INV
2 1 885 887 888 AND
2 1 126 382 889 XOR
1 1 889 890 INV
2 1 888 890 891 AND
2 1 127 383 892 XOR
1 1 892 893 INV
2 1 891 893 894 AND
2 1 128 384 895 XOR
1 1 895 896 INV
2 1 894 896 897 AND
2 1 129 385 898 XOR
1 1 898 899 INV
2 1 897 899 900 AND
2 1 130 386 901 XOR
1 1 901 902 INV
2 1 900 902 903 AND
2 1 131 387 904 XOR
1 1 904 905 INV
2 1 903 905 906 AND
2 1 132 388 907 XOR
1 1 907 908 INV
2 1 906 908 909 AND
2 1 133 389 910 XOR
1 1 910 911 INV
2 1 909 911 912 AND
2 1 134 390 913 XOR
1 1 913 914 INV
2 1 912 914 915 AND
2 1 135 391 916 XOR
1 1 916 917 INV
2 1 915 917 918 AND
2 1 136 392 919 XOR
1 1 919 920 INV
2 1 918 920 921 AND
2 1 137 393 922 XOR
1 1 922 923 INV
2 1 921 923 924 AND
2 1 138 394 925 XOR
1 1 925 926 INV
2 1 924 926 927 AND
2 1 139 395 928 XOR
1 1 928 929 INV
2 1 927 929 930 AND
2 1 140 396 931 XOR
1 1 931 932 INV
2 1 930 932 933 AND
2 1 141 397 934 XOR
1 1 934 935 INV
2 1 933 935 936 AND
2 1 142 398 937 XOR
1 1 937 938 INV
2 1 936 938 939 AND
2 1 143 399 940 XOR
1 1 940 941 INV
2 1 939 941 942 AND
2 1 144 400 943 XOR
1 1 943 944 INV
2 1 942 944 945 AND
2 1 145 401 946 XOR
1 1 946 947 INV
2 1 945 947 948 AND
2 1 146 402 949 XOR
1 1 949 950 INV
2 1 948 950 951 AND
2 1 147 403 952 XOR
1 1 952 953 INV
2 1 951 953 954 AND
2 1 148 404 955 XOR
1 1 955 956 INV
2 1 954 956 957 AND
2 1 149 405 958 XOR
1 1 958 959 INV
2 1 957 959 960 AND
2 1 150 406 961 XOR
1 1 961 962 INV
2 1 960 962 963 AND
2 1 151 407 964 XOR
1 1 964 965 INV
2 1 963 965 966 AND
2 1 152 408 967 XOR
1 1 967 968 INV
2 1 966 968 969 AND
2 1 153 409 970 XOR
1 1 970 971 INV
2 1 969 971 972 AND
2 1 154 410 973 XOR
1 1 973 974 INV
2 1 972 974 975 AND
2 1 155 411 976 XOR
1 1 976 977 INV
2 1 975 977 978 AND
2 1 156 412 979 XOR
1 1 979 980 INV
2 1 978 980 981 AND
2 1 157 413 982 XOR
1 1 982 983 INV
2 1 981 983 984 AND
2 1 158 414 985 XOR
1 1 985 986 INV
2 1 984 986 987 AND
2 1 159 415 988 XOR
1 1 988 989 INV
2 1 987 989 990 AND
2 1 160 416 991 XOR
1 1 991 992 INV
2 1 990 992 993 AND
2 1 161 417 994 XOR
1 1 994 995 INV
2 1 993 995 996 AND
2 1 162 418 997 XOR
1 1 997 998 INV
2 1 996 998 999 AND
2 1 163 419 1000 XOR
1 1 1000 1001 INV
2 1 999 1001 1002 AND
2 1 164 420 1003 XOR
1 1 1003 1004 INV
2 1 1002 1004 1005 AND
2 1 165 421 1006 XOR
1 1 1006 1007 INV
2 1 1005 1007 1008 AND
2 1 166 422 1009 XOR
1 1 1009 1010 INV
2 1 1008 1010 1011 AND
2 1 167 423 1012 XOR
1 1 1012 1013 INV
2 1 1011 1013 1014 AND
2 1 168 424 1015 XOR
1 1 1015 1016 INV
2 1 1014 1016 1017 AND
2 1 169 425 1018 XOR
1 1 1018 1019 INV
2 1 1017 1019 1020 AND
2 1 170 426 1021 XOR
1 1 1021 1022 INV
2 1 1020 1022 1023 AND
2 1 171 427 1024 XOR
1 1 1024 1025 INV
2 1 1023 1025 1026 AND
2 1 172 428 1027 XOR
1 1 1027 1028 INV
2 1 1026 1028 1029 AND
2 1 173 429 1030 XOR
1 1 1030 1031 INV
2 1 1029 1031 1032 AND
2 1 174 430 1033 XOR
1 1 1033 1034 INV
2 1 1032 1034 1035 AND
2 1 175 431 1036 XOR
1 1 1036 1037 INV
2 1 1035 1037 1038 AND
2 1 176 432 1039 XOR
1 1 1039 1040 INV
2 1 1038 1040 1041 AND
2 1 177 433 1042 XOR
1 1 1042 1043 INV
2 1 1041 1043 1044 AND
2 1 178 434 1045 XOR
1 1 1045 1046 INV
2 1 1044 1046 1047 AND
2 1 179 435 1048 XOR
1 1 1048 1049 INV
2 1 1047 1049 1050 AND
2 1 180 436 1051 XOR
1 1 1051 1052 INV
2 1 1050 1052 1053 AND
2 1 181 437 1054 XOR
1 1 1054 1055 INV
2 1 1053 1055 1056 AND
2 1 182 438 1057 XOR
1 1 1057 1058 INV
2 1 1056 1058 1059 AND
2 1 183 439 1060 XOR
1 1 1060 1061 INV
2 1 1059 1061 1062 AND
2 1 184 440 1063 XOR
1 1 1063 1064 INV
2 1 1062 1064 1065 AND
2 1 185 441 1066 XOR
1 1 1066 1067 INV
2 1 1065 1067 1068 AND
2 1 186 442 1069 XOR
1 1 1069 1070 INV
2 1 1068 1070 1071 AND
2 1 187 443 1072 XOR
1 1 1072 1073 INV
2 1 1071 1073 1074 AND
2 1 188 444 1075 XOR
1 1 1075 1076 INV
2 1 1074 1076 1077 AND
2 1 189 445 1078 XOR
1 1 1078 1079 INV
2 1 1077 1079 1080 AND
2 1 190 446 1081 XOR
1 1 1081 1082 INV
2 1 1080 1082 1083 AND
2 1 191 447 1084 XOR
1 1 1084 1085 INV
2 1 1083 1085 1086 AND
2 1 192 448 1087 XOR
1 1 1087 1088 INV
2 1 1086 1088 1089 AND
2 1 193 449 1090 XOR
1 1 1090 1091 INV
2 1 1089 1091 1092 AND
2 1 194 450 1093 XOR
1 1 1093 1094 INV
2 1 1092 1094 1095 AND
2 1 195 451 1096 XOR
1 1 1096 1097 INV
2 1 1095 1097 1098 AND
2 1 196 452 1099 XOR
1 1 1099 1100 INV
2 1 1098 1100 1101 AND
2 1 197 453 1102 XOR
1 1 1102 1103 INV
2 1 1101 1103 1104 AND
2 1 198 454 1105 XOR
1 1 1105 1106 INV
2 1 1104 1106 1107 AND
2 1 199 455 1108 XOR
1 1 1108 1109 INV
2 1 1107 1109 1110 AND
2 1 200 456 1111 XOR
1 1 1111 1112 INV
2 1 1110 1112 1113 AND
2 1 201 457 1114 XOR
1 1 1114 1115 INV
2 1 1113 1115 1116 AND
2 1 202 458 1117 XOR
1 1 1117 1118 INV
2 1 1116 1118 1119 AND
2 1 203 459 1120 XOR
1 1 1120 1121 INV
2 1 1119 1121 1122 AND
2 1 204 460 1123 XOR
1 1 1123 1124 INV
2 1 1122 1124 1125 AND
2 1 205 461 1126 XOR
1 1 1126 1127 INV
2 1 1125 1127 1128 AND
2 1 206 462 1129 XOR
1 1 1129 1130 INV
2 1 1128 1130 1131 AND
2 1 207 463 1132 XOR
1 1 1132 1133 INV
2 1 1131 1133 1134 AND
2 1 208 464 1135 XOR
1 1 1135 1136 INV
2 1 1134 1136 1137 AND
2 1 209 465 1138 XOR
1 1 1138 1139 INV
2 1 1137 1139 1140 AND
2 1 210 466 1141 XOR
1 1 1141 1142 INV
2 1 1140 1142 1143 AND
2 1 211 467 1144 XOR
1 1 1144 1145 INV
2 1 1143 1145 1146 AND
2 1 212 468 1147 XOR
1 1 1147 1148 INV
2 1 1146 1148 1149 AND
2 1 213 469 1150 XOR
1 1 1150 1151 INV
2 1 1149 1151 1152 AND
2 1 214 470 1153 XOR
1 1 1153 1154 INV
2 1 1152 1154 1155 AND
2 1 215 471 1156 XOR
1 1 1156 1157 INV
2 1 1155 1157 1158 AND
2 1 216 472 1159 XOR
1 1 1159 1160 INV
2 1 1158 1160 1161 AND
2 1 217 473 1162 XOR
1 1 1162 1163 INV
2 1 1161 1163 1164 AND
2 1 218 474 1165 XOR
1 1 1165 1166 INV
2 1 1164 1166 1167 AND
2 1 219 475 1168 XOR
1 1 1168 1169 INV
2 1 1167 1169 1170 AND
2 1 220 476 1171 XOR
1 1 1171 1172 INV
2 1 1170 1172 1173 AND
2 1 221 477 1174 XOR
1 1 1174 1175 INV
2 1 1173 1175 1176 AND
2 1 222 478 1177 XOR
1 1 1177 1178 INV
2 1 1176 1178 1179 AND
2 1 223 479 1180 XOR
1 1 1180 1181 INV
2 1 1179 1181 1182 AND
2 1 224 480 1183 XOR
1 1 1183 1184 INV
2 1 1182 1184 1185 AND
2 1 225 481 1186 XOR
1 1 1186 1187 INV
2 1 1185 1187 1188 AND
2 1 226 482 1189 XOR
1 1 1189 1190 INV
2 1 1188 1190 1191 AND
2 1 227 483 1192 XOR
1 1 1192 1193 INV
2 1 1191 1193 1194 AND
2 1 228 484 1195 XOR
1 1 1195 1196 INV
2 1 1194 1196 1197 AND
2 1 229 485 1198 XOR
1 1 1198 1199 INV
2 1 1197 1199 1200 AND
2 1 230 486 1201 XOR
1 1 1201 1202 INV
2 1 1200 1202 1203 AND
2 1 231 487 1204 XOR
1 1 1204 1205 INV
2 1 1203 1205 1206 AND
2 1 232 488 1207 XOR
1 1 1207 1208 INV
2 1 1206 1208 1209 AND
2 1 233 489 1210 XOR
1 1 1210 1211 INV
2 1 1209 1211 1212 AND
2 1 234 490 1213 XOR
1 1 1213 1214 INV
2 1 1212 1214 1215 AND
2 1 235 491 1216 XOR
1 1 1216 1217 INV
2 1 1215 1217 1218 AND
2 1 236 492 1219 XOR
1 1 1219 1220 INV
2 1 1218 1220 1221 AND
2 1 237 493 1222 XOR
1 1 1222 1223 INV
2 1 1221 1223 1224 AND
2 1 238 494 1225 XOR
1 1 1225 1226 INV
2 1 1224 1226 1227 AND
2 1 239 495 1228 XOR
1 1 1228 1229 INV
2 1 1227 1229 1230 AND
2 1 240 496 1231 XOR
1 1 1231 1232 INV
2 1 1230 1232 1233 AND
2 1 241 497 1234 XOR
1 1 1234 1235 INV
2 1 1233 1235 1236 AND
2 1 242 498 1237 XOR
1 1 1237 1238 INV
2 1 1236 1238 1239 AND
2 1 243 499 1240 XOR
1 1 1240 1241 INV
2 1 1239 1241 1242 AND
2 1 244 500 1243 XOR
1 1 1243 1244 INV
2 1 1242 1244 1245 AND
2 1 245 501 1246 XOR
1 1 1246 1247 INV
2 1 1245 1247 1248 AND
2 1 246 502 1249 XOR
1 1 1249 1250 INV
2 1 1248 1250 1251 AND
2 1 247 503 1252 XOR
1 1 1252 1253 INV
2 1 1251 1253 1254 AND
2 1 248 504 1255 XOR
1 1 1255 1256 INV
2 1 1254 1256 1257 AND
2 1 249 505 1258 XOR
1 1 1258 1259 INV
2 1 1257 1259 1260 AND
2 1 250 506 1261 XOR
1 1 1261 1262 INV
2 1 1260 1262 1263 AND
2 1 251 507 1264 XOR
1 1 1264 1265 INV
2 1 1263 1265 1266 AND
2 1 252 508 1267 XOR
1 1 1267 1268 INV
2 1 1266 1268 1269 AND
2 1 253 509 1270 XOR
1 1 1270 1271 INV
2 1 1269 1271 1272 AND
2 1 254 510 1273 XOR
1 1 1273 1274 INV
2 1 1272 1274 1275 AND
2 1 255 511 1276 XOR
1 1 1276 1277 INV
2 1 1275 1277 1278 AND
2 1 0 0 1279 XOR
2 1 1279 1278 1280 XOR